008013601031097 0.833 1501.0 667.0 1596.0 711.0
007988301030844 0.449 765.0 529.0 803.0 639.0
006647401031877 0.355 810.0 517.0 885.0 598.0
000645001020235 0.848 308.0 407.0 402.0 453.0
001111701025902 0.912 274.0 490.0 344.0 602.0
006836901033772 0.354 562.0 731.0 677.0 789.0
007126601031428 0.390 307.0 806.0 404.0 858.0
001167301026458 0.250 78.0 484.0 118.0 587.0
007209101032300 0.722 505.0 802.0 611.0 861.0
000294101016726 0.886 87.0 528.0 151.0 647.0
000998601023771 0.857 229.0 459.0 335.0 536.0
007886901029830 0.579 1107.0 498.0 1210.0 551.0
007457101030444 0.679 217.0 459.0 254.0 557.0
007995901030920 0.490 764.0 575.0 872.0 617.0
001315401027939 0.896 1738.0 360.0 1865.0 410.0
000843601022221 0.895 761.0 482.0 825.0 580.0
007755401033427 0.574 1589.0 716.0 1684.0 785.0
001111101025896 0.855 105.0 535.0 223.0 601.0
001111101025896 0.856 180.0 534.0 282.0 600.0
007461201030485 0.771 440.0 607.0 477.0 743.0
001235001027135 0.879 480.0 599.0 538.0 725.0
001235001027135 0.888 524.0 604.0 596.0 687.0
000854001022325 0.900 518.0 754.0 588.0 892.0
007238101032610 0.897 77.0 638.0 176.0 709.0
000366401017449 0.864 876.0 463.0 987.0 512.0
001243801027223 0.910 708.0 538.0 798.0 654.0
001275801027543 0.925 997.0 603.0 1116.0 712.0
006523601028197 0.835 237.0 457.0 281.0 550.0
007231501032540 0.334 1018.0 513.0 1112.0 551.0
007231501032540 0.854 418.0 540.0 461.0 654.0
001373001028515 0.876 390.0 561.0 465.0 691.0
000815601021941 0.868 352.0 491.0 396.0 591.0
006556501028526 0.446 1820.0 498.0 1867.0 613.0
000342001017205 0.868 1720.0 541.0 1786.0 662.0
000495801018743 0.789 483.0 596.0 519.0 712.0
000336701017152 0.847 80.0 713.0 193.0 765.0
000924801023033 0.942 141.0 586.0 206.0 677.0
007067601030820 0.688 174.0 490.0 218.0 594.0
007380601034117 0.875 357.0 647.0 479.0 711.0
006934601034749 0.730 899.0 487.0 952.0 580.0
007432601030199 0.283 230.0 632.0 319.0 673.0
001238101027166 0.911 6.0 557.0 74.0 634.0
000496701018752 0.838 450.0 672.0 587.0 738.0
000021401013999 0.876 344.0 492.0 396.0 586.0
007520101031074 0.576 1669.0 366.0 1766.0 410.0
000722801021013 0.875 236.0 877.0 340.0 932.0
000843201022217 0.884 480.0 605.0 533.0 679.0
006771601033119 0.510 883.0 687.0 975.0 732.0
007472401030597 0.818 78.0 495.0 112.0 597.0
000738301021168 0.829 221.0 331.0 304.0 388.0
000738301021168 0.889 867.0 722.0 934.0 854.0
000776201021547 0.869 181.0 727.0 261.0 832.0
001342201028207 0.814 414.0 462.0 535.0 499.0
007704801032921 0.305 1661.0 315.0 1764.0 366.0
006847401033877 0.646 727.0 676.0 765.0 784.0
001142601026211 0.866 151.0 393.0 247.0 437.0
000351101017296 0.791 257.0 597.0 368.0 645.0
001243701027222 0.912 726.0 572.0 798.0 697.0
006837301033776 0.344 56.0 395.0 122.0 420.0
006837301033776 0.802 494.0 713.0 589.0 761.0
006456301027524 0.757 594.0 724.0 708.0 785.0
000127401015059 0.893 1383.0 475.0 1458.0 568.0
007292501033193 0.417 379.0 518.0 429.0 623.0
006977301035176 0.732 211.0 404.0 330.0 451.0
000844501022230 0.907 100.0 509.0 202.0 587.0
006602401031427 0.869 1250.0 462.0 1359.0 508.0
000409301017878 0.638 323.0 613.0 448.0 654.0
000416901017954 0.920 693.0 554.0 739.0 657.0
001111901025904 0.850 511.0 573.0 550.0 661.0
006696401032367 0.412 269.0 545.0 369.0 590.0
000853201022317 0.841 703.0 730.0 818.0 786.0
001085201025637 0.880 961.0 415.0 1029.0 511.0
000365201017437 0.855 1471.0 449.0 1558.0 497.0
006705901032462 0.843 418.0 682.0 539.0 733.0
006619401009995 0.812 676.0 496.0 778.0 543.0
006486001008661 0.756 96.0 749.0 151.0 877.0
007198001032185 0.770 266.0 475.0 369.0 577.0
000609601019881 0.927 395.0 578.0 489.0 675.0
000617801019963 0.896 1221.0 613.0 1341.0 690.0
001382601028611 0.907 26.0 658.0 138.0 814.0
007030201030421 0.506 854.0 508.0 906.0 592.0
006860201034005 0.664 286.0 378.0 384.0 445.0
006703201032435 0.879 803.0 798.0 908.0 862.0
000571801019503 0.650 1600.0 511.0 1688.0 552.0
000571801019503 0.859 1452.0 522.0 1554.0 581.0
006504701028008 0.798 127.0 556.0 234.0 623.0
000127501015060 0.920 429.0 476.0 487.0 578.0
000028901014074 0.872 158.0 577.0 199.0 687.0
007066901030812 0.723 1650.0 522.0 1691.0 629.0
007886501029826 0.870 244.0 651.0 341.0 697.0
000495701018742 0.886 212.0 756.0 335.0 818.0
006592101009722 0.871 676.0 393.0 812.0 444.0
007764601033519 0.557 487.0 378.0 522.0 463.0
000335001017135 0.897 42.0 739.0 160.0 839.0
001177901026564 0.867 194.0 713.0 298.0 763.0
006945401034857 0.737 659.0 775.0 807.0 834.0
001260301027388 0.924 338.0 640.0 430.0 753.0
000180401015589 0.856 203.0 544.0 309.0 592.0
000341501017200 0.875 358.0 373.0 437.0 502.0
000341501017200 0.893 474.0 429.0 541.0 517.0
007841501029376 0.846 439.0 516.0 538.0 569.0
001162201026407 0.502 1518.0 448.0 1610.0 504.0
001162201026407 0.874 776.0 683.0 855.0 839.0
000214101015926 0.932 1592.0 653.0 1677.0 755.0
006516701028128 0.784 884.0 286.0 979.0 349.0
007195001032153 0.624 42.0 554.0 160.0 613.0
000198401015769 0.887 207.0 436.0 319.0 506.0
007160401031788 0.300 1392.0 680.0 1506.0 727.0
007160401031788 0.873 206.0 652.0 322.0 705.0
001179401026579 0.679 210.0 675.0 362.0 724.0
001222201027007 0.639 299.0 391.0 404.0 427.0
000113701014922 0.855 815.0 555.0 939.0 610.0
001084201025627 0.349 207.0 577.0 334.0 698.0
001084201025627 0.790 119.0 608.0 190.0 742.0
001084201025627 0.861 203.0 634.0 330.0 714.0
001084201025627 0.886 212.0 544.0 343.0 643.0
000201301015798 0.888 411.0 731.0 471.0 856.0
006848801033891 0.829 332.0 475.0 369.0 590.0
007277301033028 0.868 401.0 560.0 529.0 623.0
000132801015113 0.832 1424.0 408.0 1516.0 482.0
007746001033333 0.746 223.0 412.0 336.0 455.0
000348901017274 0.887 278.0 483.0 376.0 542.0
000024501014030 0.864 73.0 582.0 114.0 666.0
007083101030979 0.890 311.0 538.0 384.0 655.0
000570001019485 0.284 1162.0 378.0 1265.0 421.0
000570001019485 0.819 772.0 387.0 884.0 450.0
000520001018985 0.861 509.0 547.0 638.0 635.0
000275701016542 0.920 711.0 421.0 784.0 493.0
001061001025395 0.855 392.0 545.0 505.0 618.0
006497801008779 0.884 153.0 471.0 275.0 530.0
000255801016343 0.878 71.0 579.0 182.0 642.0
000350901017294 0.797 344.0 524.0 470.0 574.0
000324501017030 0.856 781.0 546.0 870.0 641.0
000657301020358 0.874 162.0 612.0 261.0 669.0
000500501018790 0.869 238.0 434.0 301.0 523.0
000430901018094 0.923 798.0 358.0 864.0 423.0
000537801019163 0.900 473.0 561.0 525.0 640.0
007515901031032 0.328 435.0 446.0 471.0 548.0
007870701029668 0.762 1117.0 316.0 1241.0 367.0
001084801025633 0.865 834.0 581.0 966.0 655.0
001225501027040 0.877 364.0 609.0 414.0 724.0
